88
108
159
265
350
351
403
410
424
428
430
470
504
506
630
728
742
763
765
766
768
772
801
870
915
932
997
1002
1062
1062
1066
1137
1137
1158
1254
1257
1435
1552
1552
1739
1741
1829
1853
1872
1890
1925
1942
1943
1954
2016
2017
2081
2106
2159
2171
2202
2276
2278
2317
2370
2412
4807
4826
4840
4857
4884
4931
4958
5023
5104
5151
5165
5210
5236
5249
5276
5279
5349
5353
5395
5486
5535
5577
5644
5717
5720
5726
5741
5748
5757
5772
5778
5779
5784
5800
5811
5818
5822
5832
5837
5856
5860
5865
5867
5867
5874
5890
5893
5907
5921
5950
5984
5993
6008
6009
6011
6012
6013
6016
6017
6019
6020
6021
6024
6025
6030
6034
6034
6035
6036
6038
6039
6040
6041
6042
6042
6043
6043
6046
6046
6064
6069
6070
6070
6071
6071
6073
6074
6074
6076
6076
6085
6085
6086
6088
6090
6092
6094
6098
6099
6100
6100
6102
6102
6104
6104
6105
6106
6107
6108
6109
6111
6112
6113
6114
6115
6118
6122
6122
6124
6124
6125
6126
6127
6128
6131
6131
6133
6134
6134
6136
6136
6137
6138
6140
6142
6145
6148
6149
6150
6150
6151
6151
6153
6154
6163
6166
6169
6171
6172
6172
6173
6174
6177
6180
6180
6184
6188
6188
6189
6191
6192
6193
6193
6195
6198
6201
6202
6202
6203
6209
6210
6216
6217
6218
6220
6221
6231
6235
6237
6237
6238
6241
6242
6242
6243
6244
6252
6252
6255
6258
6268
6276
6276
6284
6296
6390
6396
6413
6434
6445
6680
6709
6744
6830
6897
6900
6903
6903
6904
6906
6907
6908
6909
6909
6909
6911
6913
6913
6915
6917
6918
6919
6920
6921
6922
6923
6924
6926
6926
6927
6928
6929
6931
6932
6933
6937
6938
6939
6940
6943
6944
6945
6951
6951
6956
6957
6958
6959
6960
6961
6963
6966
6967
6968
6969
6970
6971
6973
6973
6973
6974
6975
6976
6979
6981
6982
6984
6984
6986
6987
6989
6990
6992
6994
6997
7000
7002
7003
7008
7013
7014
7025
7026
7028
7031
7033
7036
7058
7061
7062
7063
7067
7068
7071
7077
7081
7092
7094
7096
7102
7103
7106
7107
7109
7109
7111
7117
7119
7120
7125
7125
7126
7127
7130
7133
7133
7138
7143
7147
7148
7158
7160
7161
7162
7163
7164
7165
7166
7167
7169
7177
7181
7183
7186
7199
7202
7203
7206
7207
7208
7209
7213
7217
7218
7223
7231
7236
7236
7244
7250
7252
7255
7258
7263
7268
7273
7276
7280
7282
7287
7288
7296
7298
7305
7306
7307
7308
7314
7316
7319
7320
7322
7323
7327
7328
7330
7332
7333
7337
7342
7343
7344
7346
7347
7349
7350
7353
7354
7355
7356
7372
7372
7373
7375
7377
7378
7378
7382
7383
7384
7387
7394
7396
7404
7411
7413
7415
7416
7417
7418
7419
7424
7427
7430
7430
7458
7460
7461
7471
7477
7514
7515
7516
7520
7521
7523
7524
7525
7717
7917
7947
8077
8132
8213
8214
8222
8222
8227
8227
8230
8231
8233
8234
8234
8235
8236
8237
8237
8238
8239
8240
8241
8241
8242
8243
8244
8246
8247
8249
8249
8256
8256
8259
8264
8266
8275
8284
8285
8290
8297
8306
8307
8307
8311
8312
8312
8326
8326
8334
8334
8335
8335
8337
8343
8351
8351
8351
8353
8354
8357
8357
8365
8369
8369
8376
8378
8386
8387
8387
8419
8420
8422
8424
8426
8426
8428
8472
8584
8699
9045
9057
9058
9058
9067
9069
9070
9075
9078
9079
9081
9084
9085
9089
9091
9095
9099
9100
9102
9103
9104
9105
9106
9111
9113
9114
9115
9121
9125
9128
9130
9131
9133
9134
9298
9312
9314
9321
9323
9323
9332
9336
9339
9339
9343
9343
9352
9353
9363
9363
9369
9369
9371
9381
9382
9382
9383
9383
9386
9388
9391
9394
9395
9399
9399
9402
9404
9405
9407
9408
9409
9412
9413
9413
9416
9416
9421
9427
9433
9434
9436
9450
9451
9452
9452
9454
9454
9470
9481
9503
9506
9507
9508
9509
9510
9511
9512
9513
9514
9515
9516
9517
9518
9519
9520
9521
9522
9523
9524
9525
9526
9527
9529
9530
9531
9532
9533
9534
9535
9537
9538
9540
9541
9542
9543
9544
9545
9546
9547
9548
9549
9550
9551
9552
9553
9554
9556
9557
9558
9559
9560
9561
9562
9563
9564
9565
9566
9567
9568
9569
9570
9572
9573
9574
9575
9576
9577
9578
9579
9580
9581
9582
9583
9584
9585
9586
9587
9588
9589
9590
9591
9592
9593
9594
9595
9596
9597
9598
9599
9600
9601
9606
9607
9608
9609
9610
9611
9612
9613
9615
9616
9617
9619
9620
9621
9622
9623
9624
9625
9626
9627
9628
9629
9630
9631
9632
9633
9634
9635
9636
9637
9638
9639
9640
9641
9642
9643
9644
9645
9646
9647
9648
9649
9650
9651
9652
9653
9654
9655
9656
9657
9658
9659
9660
9661
9662
9663
9665
9668
9671
9676
9678
9679
9684
9689
9690
9693
9694
9696
9697
9698
9699
9700
9701
9702
9703
9704
9705
9706
9707
9708
9709
9710
9713
9714
9716
9717
9718
9719
9720
9721
9722
9723
9725
9726
9727
9728
9729
9730
9731
9732
9733
9734
9735
9736
9737
9738
9739
9741
9742
9743
9744
9745
9746
9747
9748
9749
9754
9755
9756
9758
9759
9761
9762
9766
9768
9769
9770
9771
9772
9774
9775
9776
9777
9778
9779
9780
9781
9782
9783
9784
9785
9786
9787
9788
9789
9790
9791
9792
9793
9794
9795
9796
9797
9798
9799
9800
9801
9802
9803
9804
9805
9806
9807
9808
9809
9810
9811
9812
9813
9814
9815
9816
9817
9819
9820
9821
9822
9823
9824
9825
9826
9827
9829
9830
9831
9832
9833
9834
9835
9836
9837
9838
9839
9840
9841
9843
9844
9845
9846
9847
9848
9849
9850
9851
9852
9853
9854
9855
9856
9857
9858
9859
9860
9861
9862
9864
9866
9867
9868
9869
9870
9871
9872
9873
9874
9875
9876
9877
9878
9879
9880
9881
9882
9883
9885
9886
9888
9890
9891
9892
9893
9894
9895
9897
9898
9899
9900
9901
9902
9903
9904
9905
9906
9907
9908
9909
9910
9911
9913
9914
9915
9916
9917
9918
9919
9920
9921
9922
9923
9924
9925
9926
9928
9929
9931
9932
9933
9934
9935
9936
9937
9938
9939
9940
9941
9942
9944
9945
9946
9947
9948
9949
9950
9951
9953
9954
9955
9956
9957
9958
9959
9960
9961
9962
9963
9964
9965
9966
9968
9969
9970
9972
9973
9976
9979
9980
9981
9982
9983
9985
9986
9987
9988
9989
9990
9991
9992
9993
9995
9996
9997
9998
10000
10001
10002
10003
10004
10005
10006
10008
10009
10010
10011
10013
10014
10015
10016
10017
10018
10019
10020
10021
10022
10023
10024
10026