9898
9405
9729
7169
5779
6140
9721
9991
9849
8247
9968
7917
10023
9969
9684
8284
9731
801
9518
9613
9576
6111
9535
7354
9593
6680
5349
9720
9832
2171
4807
5950
7316
9866
6201
9819
9950
9821
9644
9987
9524
9979
8337
9663
9730
9527
5741
9707
9542
9610
9655
9918
9531
9599
9962
9523
9656
2276
9728
1954
9706
6086
9701
7322
5784
9696
1002
8244
9747
7288
9549
9743
9945
9562
9862
9966
9909
5210
9697
9876
9808
4958
7102
351
2202
9902
9915
8246
9856
9762
9964
8297
9959
9985
8259
9897
9867
9939
1925
9748
9506
9709
9558
9717
9616
9105
630
9095
9646
9741
8343
7427
9888
7218
9698
9102
9833
9859
9582
9835
9645
6900
8357
9106
7477
9988
9649
10013
424
5874
9843
10018
9960
9078
7396
9526
9648
8351
9617
5993
8235
768
9114
9768
9744
4884
9929
9895
9723
9815
9783
9567
9642
9881
9953
7372
9312
1890
9990
9714
2016
9621
8238
5890
9937
9970
9543
7373
9972
9805
7377
9693
9511
6198
7186
9519
5353
9705
9111
9690
9651
1829
9855
9844
8419
9560
5921
7058
5907
9561
9983
9521
9759
410
10020
9870
9622
8233
8132
8424
9976
9958
9620
9509
9615
9608
9924
7418
9611
350
428
6744
2278
9314
9793
5720
9507
9508
6390
9894
7353
9640
7320
9791
4826
9699
9736
9726
9770
7346
9899
9827
7244
9075
9850
9908
5772
9785
9530
5276
9386
9812
8290
9632
9600
9963
7296
10001
8386
9809
9704
9134
6296
9573
6970
403
9799
8236
9769
9113
9653
9780
5726
8077
5023
6008
108
9864
9503
9515
7119
9804
9545
9597
9788
5811
9647
9784
9779
9813
9774
9938
7350
9298
10009
10011
159
7164
9128
9628
9725
9831
7067
9775
9131
9900
9529
9630
9133
7328
6992
9637
9845
7404
9794
7165
6989
9823
6445
8365
9619
8239
8334
9727
915
9789
9875
9921
9771
9802
9941
9776
9796
9792
9807
9790
9811
9778
9854
7413
5236
10015
9639
9772
5644
7013
9512
7094
7106
9591
9661
7231
9998
9786
5984
9745
7028
10022
9598
9944
7161
9883
9798
9803
9795
7282
9797
9800
9782
9781
9920
6434
9806
9590
9660
9814
10002
9517
9933
9606
9830
5800
7202
6909
9911
7250
9801
5486
9816
763
9585
7424
5104
