id	FT10_mean
9585	52.25
7471	56.25
8304	57
6898	57.5
8353	50.75
9571	56.5
9853	56.75
7424	57.75
9517	64
6979	54.75
8213	58.75
9801	62
7117	58
765	56.75
7103	62.25
7199	66.5
7460	75
5486	60.5
7282	62.5
7250	58
7217	56.5
7383	60.5
5253	62.75
6909	70.5
9760	55.75
9795	57.75
9996	61.33333333
7062	62.25
9788	62.5
9791	65.33333333
7013	63
5800	61.75
9816	63
763	65.75
9863	58.5
6940	64.25
7161	61.25
9766	57.75
8365	74
6960	55
7333	68.75
9660	53.25
7382	55.5
6434	62.75
7213	65.5
9512	51.25
7028	57.5
8426	62.75
9786	64.75
7206	65
7096	65.5
6932	63.5
5818	65.75
8472	63.5
9854	58.75
5104	60
7524	61.25
7202	63
9772	67
9606	63
7119	65.5
7123	70.75
7387	60.75
9803	63
6830	69.75
6180	71
7404	68.5
6923	57
8428	66.75
9865	93
9781	60
7263	61.75
6958	68.75
7394	56.75
9883	60
5748	60.75
7525	63
766	63.5
9995	64.25
5984	66.75
9790	66.75
9661	55.25
10019	60.5
6967	62.75
9823	63
7329	66.75
7192	68.75
7067	58.75
9789	65
7314	66
9810	69.25
7430	72.5
9931	57
8314	64
8239	56
7081	58.5
6943	60.75
10002	61
5778	66.25
9800	68.5
9941	70
7120	62.5
9792	62.75
7162	65
7125	69.25
9802	69.75
9934	56
6981	62.25
6042	63.5
9806	67
9807	67.5
9774	68
6008	73.5
10024	64
7094	67.25
7419	69
5236	58.5
9784	60.25
9727	61.25
9922	62.75
915	63.75
7332	64
9777	66.5
772	67.5
9910	70
7258	71
7165	71.5
5835	73
7268	65.75
7273	77
5023	61
6986	61.5
6243	66.75
10021	59.5
6939	61.25
7163	66.5
6982	78.5
9775	60
9771	62.5
8290	63.25
7077	54.5
9926	67
9782	63.25
6944	63.75
9911	66
7203	67.25
9794	69.25
6922	71
7106	76.5
7143	83
9779	63.25
9798	65.25
9769	66.5
9875	63.75
9770	67
9847	60
7071	64.25
9811	69.75
9608	58
9785	63.25
7209	63.5
7177	65.75
7415	72.25
8256	73.25
10022	73.5
7231	65.75
7098	58.5
7127	59.75
9298	60
10025	62.25
9813	65.75
7026	69
1435	72.25
6916	75
7109	60.75
9804	65.75
6926	66.25
9812	67.75
9780	72.25
9591	67
7244	68
5811	72
7208	73
9796	73.5
5644	60.75
7418	63.5
9998	68
7133	76
6973	77.25
9908	65.25
9797	69
7280	80.75
9507	55
9907	67.5
9936	71.75
6924	61.5
7347	64.75
9919	67.75
6296	75
6911	62.75
6744	63.25
265	63.5
6975	67.25
7031	78.25
7255	62
7236	73.5
7337	74.5
8420	74.75
7344	73.5
7158	63.33333333
9937	67
6987	69
6984	69.25
9657	58.5
4931	62.75
7413	69.25
9815	72.5
10020	72.5
5726	74
9921	64.5
7287	71
100000	71.66666667
9814	71.5
8387	74.25
6931	59.75
5907	66.5
9920	64
7461	68
7520	73.25
5772	66.75
8386	75
9933	76.75
7330	85.25
9778	71.5
7276	73.75
9787	70.5
10026	63
10001	68.75
6709	69
4884	70.25
9651	64
7207	70.25
5276	74.5
7186	75
7306	76.5
9900	53
9923	66.25
6445	67
9940	67
6970	62.5
4779	68.66666667
4900	71
6961	59
8378	66.25
9590	51.25
88	61.25
9799	66.25
7036	67.75
7107	67.25
7166	67.25
9913	81.5
4826	60
5577	66.75
7003	71.75
7063	72.25
9609	74.5
9515	56.25
9830	61.5
10015	69.75
7343	72
9809	74.75
7218	75
7328	56.25
7396	61.5
350	68.5
9916	68.75
9997	70.25
6041	78.75
7305	79.25
8285	66.5
9773	74.75
7322	76.5
8312	65.75
7378	71.25
7458	79.5
7350	80
108	70
7477	74
8238	79.5
9653	59.5
9893	60
7025	71.5
7147	74.5
7319	58.5
139	68.75
6108	78.75
7349	81.25
6985	65.5
9805	70.5
9808	75.25
6424	77
6959	71.75
7298	81.75
9544	57.25
9503	64
7327	64.5
6188	73.25
2317	77
5829	66.75
9862	67.5
9560	69.25
7411	66
7521	70.75
8334	74.75
7000	78
403	63.5
6992	68
7092	68
9999	72
9917	75.25
8395	75.75
7010	77
10000	61
9946	61.5
6933	63.75
8214	65
9994	78
6193	83
7372	83
7308	84.75
9768	74.5
7223	75.75
7373	81.25
9511	64.25
9647	67.75
9390	79.75
430	92.33333333
6966	62.25
9646	62.5
9914	74.75
5890	78.25
5837	80.5
9981	69.25
8357	71.75
9873	66.75
9510	59.25
9820	61.75
5921	82.5
7068	63.75
9537	64.25
9984	65.75
9965	70.5
6945	76.5
6997	81
9874	68.75
6903	81.5
9526	65
9725	61.25
9726	67
5964	72.5
6936	80.5
6189	74
159	72
6915	76.5
9924	66.5
8275	78.33333333
9886	85.75
9909	87
9864	63.25
6937	75.75
7514	80.25
9776	65.25
9312	75.25
10003	81.25
9968	66.75
8077	70
9719	72.5
9761	65.25
9899	70.75
8326	86.75
9759	61.5
9983	63
6191	78.33333333
8244	90.5
9843	62.75
9516	67.75
7346	78.25
9972	63
630	73.5
8354	82
8419	94.25
9654	62.25
9509	64.5
6908	66
6197	75.25
428	75.75
6951	79.5
7002	80.25
6195	83.75
9392	87.25
8311	65.5
7164	69.75
9578	75.25
9680	62.75
9879	68.5
9767	70
7377	75.75
8343	81.25
9104	60.75
9827	69.25
9573	70.25
9314	74.25
6907	72
6990	79
9522	59
9980	68.5
9508	62
9597	69.75
9939	75.25
9648	60
9128	69.5
9971	70.5
9956	72.75
9596	73
6989	78.25
10007	75
6390	71.75
9541	68.5
9943	74
9949	76.75
9855	73
6929	78.5
7072	70.25
6039	91
870	72.5
9822	82
9652	64.25
5353	71
7296	84.25
9764	69.75
8366	78.33333333
9529	65
6927	73.5
9697	77.5
6192	95
9130	72.75
9793	62
9513	71.75
9744	78.75
5720	92
8264	65.5
9825	68.5
9985	71
9131	72.5
9856	75.25
6971	66.25
9699	74.25
6928	77.25
9737	85.75
9817	64.25
9749	74.75
9834	75
7061	87.25
9412	87.25
5893	73.75
7323	75.75
9837	76.33333333
6963	78.75
8307	79.25
1063	84
8325	77
9860	80.75
7356	88
9964	70
9519	77.25
9134	79.75
9391	85
8236	74
5993	82.5
9556	76.25
9845	77.5
7438	77.75
7342	83
10011	71
410	76
351	69.25
6904	72.25
5950	81.25
8259	88
9534	69.75
9833	75.75
7384	76.25
9617	70.75
7148	73.75
7058	87.25
9731	92.5
6897	68
9645	77.5
8241	90.75
9783	76.5
9559	56.75
9857	65.75
9658	71.33333333
7160	72.25
7064	68.33333333
9659	71.25
7248	71.5
9963	75
9960	82.5
5757	87.75
9595	80.5
9336	84
9705	71.33333333
9838	73.5
5779	90.5
9649	76.25
10005	76.66666667
9967	70
8132	74
9852	76.25
9057	87.5
9521	69.75
9133	73.25
9611	73.5
9944	75.75
9841	77.75
8243	80
424	83.25
1062	94
9713	75.25
9723	76
9979	82.5
7138	85.5
9739	86
9868	70.25
9930	75.75
8235	74.5
932	78
7523	80
7917	82.25
9644	76.75
9506	77.75
9969	68.75
9125	74
8233	75.5
5874	78
9628	78.5
5784	101.75
9663	69.75
1853	71.5
6976	71.25
9610	82.25
9703	76.5
2016	77.5
9835	81.75
8423	98.5
9547	79.25
9113	76
9626	77.33333333
7288	82.5
9704	75.5
9882	78.5
9662	80
7353	86
6938	72
9692	72
9818	79.5
5535	81.5
6396	82.75
7526	75.5
9895	75.75
9580	78.25
7102	87.25
9369	81.75
9612	86.5
9741	88
9655	79
9613	81.75
9683	64
9962	78
9115	91.25
9623	78.25
10016	89
770	75.25
9821	79.5
9702	81
9565	74.5
7307	78.5
8337	74
9976	79
6956	84.5
7351	97.33333333
9691	74
9707	80.5
9762	95.5
9750	69
9758	71.25
9826	77
10008	79.25
9955	80.5
9756	88.75
9600	89.5
9639	78
9927	87.75
9563	80.25
7515	73.75
9709	82
5151	81.75
9738	79
9935	79.25
6035	83
9938	67.25
9688	69
9100	77.5
7014	81.5
9735	85.5
9694	76.5
9624	79.5
9620	89.75
7320	80.75
9698	81
9629	98
9682	77.75
9876	87.25
8584	89
6115	97.5
9693	68.5
9743	79.5
9990	83.75
9413	86
9407	91.75
10010	85
9602	77.25
5830	97.75
8424	68.25
9915	84.25
1890	101
7033	78.75
9745	79.5
9932	81.5
8284	83.25
7717	82.75
8246	70.5
9958	82
9527	86.25
10017	87.5
9894	88.25
9696	77.5
6112	94.5
9928	83.5
9633	88.25
9842	90.75
9601	97
6038	91.25
9589	85.75
9436	89
9728	77.5
10009	80.75
9712	77
9721	77.5
9045	88.75
8430	90.5
5210	96
768	76.5
7169	82.5
7130	91.66666667
9881	82
9450	88
7416	81.5
9706	95.25
9105	77.25
9959	81.5
9828	82.25
9402	92.25
9404	95
9718	78.75
10004	81.75
9643	85
8297	85.75
9533	89
9925	92.5
9729	96.75
9579	77
9982	85.5
7522	93
9588	85
9668	82.5
6921	83.25
9630	84.75
9679	69.25
8424	68.25
6994	79
9906	88
9966	90.5
6034	102.75
7518	93.25
7355	80.75
9102	83.75
9869	86.25
9640	92.75
9323	97
9715	76.75
9736	78
9700	80
9525	91.75
10018	90
9724	73.5
9742	78
9897	81
7947	82.25
9961	84.25
9690	75.5
9622	92
5165	86.5
9970	86.5
9701	85.5
9755	88.75
9734	84.25
9987	91
9975	79.25
9714	80.75
9711	75
2171	79
1872	80.25
9637	81.25
6040	93.25
8283	84.25
9103	83.25
9689	67.75
9859	76.25
9619	77.33333333
9829	83.25
8240	94.5
9850	95.5
9710	80.5
9514	72.5
9687	88.5
6016	87.33333333
9562	93.25
9733	80
9751	90.5
2276	83
9844	89.25
9892	88.5
6136	96.5
9695	103.5
6957	81.25
9523	86.75
9635	93.25
2278	79.25
9957	83.75
9674	86.75
9708	89
5768	96.25
9584	88.5
9618	89.25
6074	101
9669	81
9615	85.75
9986	89.33333333
9642	95.5
9748	81
9950	99
1002	102.75
6036	94.25
6242	83.66666667
9665	85.5
9614	85.5
9678	69
6021	94.25
6020	94
5832	88.5
4807	79.75
9106	87.25
9740	89.75
9880	91.5
9518	92
997	101.25
9641	82.66666667
9638	88.25
6105	97.75
6137	92.5
9686	84.33333333
9929	85.25
8249	93.75
9343	94.5
1158	98.75
9540	75.25
9732	82
9831	86.25
9627	90.5
801	94.75
9070	80
5741	97.25
1367	101.75
9656	78.25
9676	87.75
9535	93.5
6126	103.25
7316	81.25
6023	93.75
9111	100.5
9684	84
1925	89.5
9583	96.75
6092	103
9528	105.3333333
7519	90.25
9543	94.33333333
9685	84.75
9918	81.25
9437	91.75
10023	96.25
6122	101.5
9599	84.75
9632	92
9832	97
9672	85.33333333
9621	92
9470	102.6666667
9069	82.75
9887	89.33333333
6138	97
1074	98.25
9598	87
9094	93.5
9399	97
9884	97
9539	78.5
6968	92.5
7427	101
6194	110.5
9977	94.75
6133	111.75
9531	91
6114	97
9561	101
9681	66.25
8335	100
6680	99.25
6198	88.25
9572	111.25
6094	101.75
9991	90.5
8234	102.6666667
6013	93.75
9757	93.75
5831	99.5
9953	88
1257	94.66666667
8222	100
9717	90.25
9974	94
6111	111.75
6920	86.75
9582	95.75
6919	76.75
6097	114.5
9890	96
9978	80.25
9747	86
8247	98
8369	98
1061	97.75
6106	102
9650	83.25
9905	89.75
9671	90.5
7008	95.5
8306	102.5
6413	104.25
9405	103.5
9896	79.5
9992	92.25
6969	91.25
1363	104.75
2202	97.75
9569	99
6073	102.25
9888	86.25
7252	112.6666667
9730	89
7181	96.75
7126	95.5
9898	97.75
5349	92
9091	99.75
8351	103
9538	82.5
9848	85.75
6288	87.5
9634	91
9603	96
9075	93.25
9380	101
9819	98
8237	97.25
9063	97.75
1829	94.75
6109	100.75
6149	106
6118	98.25
9098	99.75
9673	87.5
9081	91.25
9524	97.25
9849	99
9746	95.75
10013	92.25
9555	93.5
9592	95
6125	106.25
992	116
4958	91.25
9752	91.75
9082	91.25
6134	110
9114	99.75
6086	100.5
9545	83.5
6173	91.75
1954	93
9066	95.25
9085	103
5865	109.75
9625	91.75
9073	93.25
9867	101.75
6150	111.3333333
9587	101
9079	101
1317	104.25
9121	105.25
9434	110.25
6132	106
9901	117
9061	97.25
9455	93.25
6201	94.25
9536	99
9383	99.33333333
9452	101.5
9421	107
8230	110.3333333
6140	98.75
1585	103.5
6964	94.75
6151	99.5
9567	113
6102	122.3333333
6184	93.66666667
6017	96.5
9720	100.75
8376	103
9554	94
9078	100.25
9952	86
9570	105
9954	97.5
6090	94.75
6098	112.25
9753	101.25
6107	119
6177	99
6148	105
10012	113.5
1254	92
9553	100.75
9872	105.5
6124	129.5
9576	106
9549	91
991	110.5
9667	89
6209	94
9542	90
6142	98.5
9607	88.75
9064	94.75
1137	111.25
9386	115.5
9722	99.5
6171	103.25
6244	90.75
7354	100.25
6100	102
8231	100.75
9532	106
9903	108
6237	106
9593	109.5
6104	100
9568	103.75
9664	85.5
9951	98.75
9973	94.25
9119	97.5
6221	108
9945	113.5
9902	98
9677	81.75
9394	110.6666667
6076	121.5
9942	65.66666667
9594	95
9382	99
9616	93.5
9870	100.5
9989	103.5
5822	112.75
6145	116
9666	86.5
9557	107.25
9988	95.5
6011	97.33333333
9670	105.5
9099	100.25
6128	122.3333333
9442	104.75
6965	94.66666667
9095	104
6009	103
6169	116
9451	107.5
6099	117
7517	115
6172	110.5
9084	103.75
9861	107.5
9558	96.5
9904	107.5
9839	102.75
1552	104
9605	104
6024	106.75
9878	113.25
6153	149.25
8422	116.75
9339	104.5
9675	78
6901	95.5
7516	105
6046	117.25
6220	103
6241	96.25
9871	105
9356	100.5
9866	104.75
9124	104.5
9395	104.5
9581	111
9885	116.25
9409	108.25
6070	106.75
9427	96.75
9993	97.75
6203	108
9846	116
9840	100.5
9520	113.5
9481	110.5
9096	105
6900	116
9090	89.5
9716	102.6666667
1318	89.75
9530	90.5
9551	102
9058	113.25
9577	99.5
9858	120.75
6238	104.5
9408	108.25
6210	100.75
6012	102
9947	104.5
9120	105.5
6974	108.75
9089	88.66666667
6240	98.25
9476	120.25
6258	119.25
6217	111.25
6174	100
6088	107.6666667
6202	109.75
6085	124.25
9836	109.5
6268	115
6030	107.25
9332	114.25
9416	135.5
6064	103.6666667
9453	106.5
9067	101.75
6043	110
6129	109.75
10006	113.5
6284	117.5
10014	96.75
8242	116.75
5506	125
9550	130.25
6127	124
9566	104
9353	126
9352	127.75
9604	109.25
9575	118.5
6131	119
6218	124
9388	127.25
9433	138
9454	101.25
6069	107.25
6071	120.75
9631	98.5
9321	106.75
9636	109.75
9824	115.5
6276	131
9851	119.5
9371	129.25
9754	79.25
9891	83
8258	93
7075	96
9586	97.5
9381	98.25
6019	103.5
8266	105
9948	105
6231	109.25
9574	112
5856	119
6235	119.5
8227	120
6913	120.6666667
9564	122.25
6252	122.75
6918	123
9877	124.75
1066	128
9548	128
9552	128.75
6025	129.25
5867	130.5
6113	132.6666667
6255	134
9363	134
6216	134.5
6166	144
6917	144
9546	148.5
6154	149.3333333
9889	153.5
5470	154.6666667
6163	157.5
6906	55.75
6972	79.5
7111	86
7417	86.33333333
9330	90.5
